0.06906137294693915 1.5046342217976407E-10 1.1470447433189016E-4 3489392.7681975677 6000.062144842849 -0.2617237122294943 2.623524986537583E-6 3.354398469631288E-7 -43.06839091309414 0.0 0.0 3.527992147072829 -1.7373793854223331E-6 3.5279921470732565 127.86504910337645 31.551975342114982 0.0 197.7840991935664 0.008483164227121365 1.7832182539655932 0.0 0.0 3 6.0380145303746335 1.55 0.0 0.0 5000.0 0.09171088103986473 9.176396886369257E10
1.7596751024163306 9.788253650667358E-8 0.002924846935433868 3486776.855915552 6001.576295959592 -0.25986986372290777 6.694991573116932E-5 4.413377515023242E-7 -56.69570146870788 0.0 0.0 3.532653961140685 -4.9892293915709854E-5 3.5326539614930037 130.13888641057645 31.433915532723645 0.0 196.46676593488638 0.011284108684708612 1.783393123524063 0.0 0.0 3 7.9477290678168995 1.55 0.0 0.0 5000.0 0.09088248508314693 9.176552244261844E10
2.7596751024163306 2.410332086517788E-7 0.004589025944735231 3485237.7915053135 6002.465445517568 -0.25877212004668604 1.0509239787100097E-4 5.123590394619698E-7 -65.843085522764 0.0 0.0 3.5357854250872234 -8.25250798774575E-5 3.5357854260502894 131.66385382962739 31.358142036721926 0.0 195.58328570824128 0.013193885274832801 1.7835076280862618 0.0 0.0 3 9.229437049480818 1.55 0.0 0.0 5000.0 0.09039151484496982 9.176652000121469E10
3.4272835565947086 3.7205645783226283E-7 0.0057008609352114 3484213.7193774446 6003.055851098496 -0.25803876660471287 1.3059544064568482E-4 6.172915348003333E-7 -79.3454473518447 0.0 0.0 3.5381018320079805 -1.0681335980766279E-4 3.5381018336202987 132.06630026781272 31.366107978924564 0.0 195.073445926048 0.01590305235388774 1.7835113647388061 0.0 0.0 3 11.12208322870216 1.55 0.0 0.0 5000.0 0.08987767420727225 9.176723279951138E10
4.0298997895850945 5.147677091313934E-7 0.0067050167959675005 3483291.6961899055 6003.58572257053 -0.25737646960112665 1.536424997441877E-4 7.37414800161418E-7 -94.80051118511865 0.0 0.0 3.5400259757380375 -1.2708571011346012E-4 3.5400259780192043 131.94412141716202 31.412278138235813 0.0 194.74034462509806 0.018947758014541426 1.7834642204143671 0.0 0.0 3 13.288815959970991 1.55 0.0 0.0 5000.0 0.08938537079449851 9.176772902580556E10
5.0298997895850945 8.029023646606489E-7 0.008372510959651394 3481766.5989446775 6004.458587430795 -0.2562767323893612 1.919436960811372E-4 9.14348809700433E-7 -117.57341823893614 0.0 0.0 3.5428628644541695 -1.5713626532315136E-4 3.5428628679388945 131.7641596598662 31.48049912255931 0.0 194.2497073735833 0.023402894439431554 1.7833948040362215 0.0 0.0 3 16.481686776932566 1.55 0.0 0.0 5000.0 0.08856880925685594 9.176824685718909E10
6.0298997895850945 1.155275897182195E-6 0.010041456675987685 3480247.671655113 6005.323444197168 -0.2551761239784114 2.3031526715297846E-4 1.107671154111008E-6 -142.4672313122868 0.0 0.0 3.5459662600659807 -1.9023219911293516E-4 3.5459662651687207 131.56752912560475 31.555334649196865 0.0 193.71362533958023 0.02823057562718892 1.7833189899955455 0.0 0.0 3 19.972202409037692 1.55 0.0 0.0 5000.0 0.08775273365769912 9.176871508521854E10
7.0298997895850945 1.5721190140720868E-6 0.011711848517006672 3478734.925076759 6006.180297689131 -0.25407464869403595 2.6875749860499556E-4 1.3002078582370445E-6 -167.271799496981 0.0 0.0 3.5490609322920514 -2.2346835349578003E-4 3.5490609393274486 131.37169767573965 31.63017474654466 0.0 193.17972188272518 0.03299712752501768 1.7832435171994294 0.0 0.0 3 23.450498751802574 1.55 0.0 0.0 5000.0 0.08693715468616108 9.176900535594145E10
8.041712634616406 2.059739127488799E-6 0.013403438698348721 3477210.6102664378 6007.038688213012 -0.25295928401267503 3.077260529822197E-4 1.614392202552533E-6 -207.76005888794597 0.0 0.0 3.5527223772894434 -2.6309510930122896E-4 3.552722387031133 131.70387906037814 31.65305122411716 0.0 192.6263444206377 0.04095654378213912 1.7832322318745226 0.0 0.0 3 29.12689317385626 1.55 0.0 0.0 5000.0 0.0858492026064556 9.176934174758846E10
9.041712634616406 2.6069845283282316E-6 0.015076722484527726 3475710.3312330516 6007.873176610069 -0.25185607901563184 3.4631131151125855E-4 2.008500137227222E-6 -258.559915639723 0.0 0.0 3.5552601379089053 -2.907553051926923E-4 3.55526014979814 133.0819094541851 31.536138402873803 0.0 192.40104504078218 0.05142784376060003 1.7833822585515462 0.0 0.0 3 36.24572275516019 1.55 0.0 0.0 5000.0 0.08428144074838873 9.176885104124574E10
10.041712634616406 3.2193975942949678E-6 0.01675143309386945 3474216.267446103 6008.692299784845 -0.2507520239913395 3.8496810010839826E-4 2.4844135439621727E-6 -319.94541723273994 0.0 0.0 3.558328134609519 -3.2440955339366114E-4 3.5583281493975814 134.74597932337542 31.397799295025603 0.0 192.12897998964127 0.06431800726906946 1.7835619650481525 0.0 0.0 3 44.84641177354638 1.55 0.0 0.0 5000.0 0.08271664656945167 9.176819927956102E10
11.041712634616406 3.897210843057738E-6 0.018427562922427046 3472728.4312218362 6009.496087059204 -0.24964712608708103 4.236967107940099E-4 2.9583459483367324E-6 -381.1192086399158 0.0 0.0 3.5613871364131686 -3.5820112301683646E-4 3.5613871544269426 136.40312245696202 31.263035880412215 0.0 191.85804741659584 0.07742002214612272 1.7837393616076171 0.0 0.0 3 53.41576477524545 1.55 0.0 0.0 5000.0 0.0811548626057139 9.176715138013248E10
12.041712634616406 4.640657273437802E-6 0.020105104338477692 3471246.8347773496 6010.284568170543 -0.24854139246287724 4.624974372463129E-4 3.430293455340879E-6 -442.07936419034655 0.0 0.0 3.5644370741343794 -3.9212923903674766E-4 3.5644370957037514 138.0533252357261 31.13172171247194 0.0 191.5882495483033 0.09072918631319146 1.7839144938487836 0.0 0.0 3 61.953552947002976 1.55 0.0 0.0 5000.0 0.07959613103827493 9.176570872765617E10
13.199675564821101 5.583851149242486E-6 0.02204938854447215 3469539.013197539 6011.175533606501 -0.24725995939705592 5.075177315774876E-4 4.406848127275611E-6 -568.2040899012092 0.0 0.0 3.568436798470581 -4.369846714734098E-4 3.5684368252267786 140.32567003079885 30.94429533127397 0.0 191.31920207067853 0.11831063060966986 1.7841626748921169 0.0 0.0 3 79.61775261546244 1.55 0.0 0.0 5000.0 0.07673358915144002 9.176364905031805E10
14.199675564821101 6.46972608691639E-6 0.023729946843626476 3468070.9258519826 6011.911601569667 -0.24615245098075883 5.464750897237675E-4 5.392570630405294E-6 -695.5135538955153 0.0 0.0 3.570987512203858 -4.6580633822941277E-4 3.570987542584186 141.88583662065002 30.80784535917151 0.0 191.23335314291253 0.1463182598764798 1.7843407916973222 0.0 0.0 3 97.44684943758985 1.55 0.0 0.0 5000.0 0.07333286514784068 9.176058174985356E10
15.199675564821101 7.421968533283768E-6 0.025411884455938318 3466609.1230873642 6012.614356673458 -0.2450441402517192 5.855055022334254E-4 6.558673756345404E-6 -846.212309581628 0.0 0.0 3.574008357271672 -5.001602422997762E-4 3.5740083922688295 143.73150325769686 30.64950240800298 0.0 191.13179443576252 0.18017765636799696 1.7845501640757329 0.0 0.0 3 118.54700509636618 1.55 0.0 0.0 5000.0 0.06994200430826832 9.175677177036311E10
16.1996755648211 8.440809817939727E-6 0.027095188556780028 3465153.620936145 6013.283896486671 -0.2439350412257509 6.246092701967168E-4 7.719758410183449E-6 -996.3574953139613 0.0 0.0 3.5770198309795522 -5.346470819815487E-4 3.577019870935649 145.56922683523064 30.495050496982483 0.0 191.03067279933737 0.21467248809928954 1.7847572261511304 0.0 0.0 3 139.56484959338545 1.55 0.0 0.0 5000.0 0.06656117168459424 9.175203057634894E10
17.1996755648211 9.526481170137004E-6 0.028779846298443996 3463704.435216043 6013.920320187793 -0.24282516792252504 6.637866966262226E-4 8.875811947875383E-6 -1145.9413606437515 0.0 0.0 3.580021856221185 -5.692659073260013E-4 3.580021901481198 147.3989873407072 30.344346607369598 0.0 190.92998933483713 0.24979097340059983 1.784962026675628 0.0 0.0 3 160.49940328114295 1.55 0.0 0.0 5000.0 0.06319053039802032 9.17463615602215E10
18.1996755648211 1.0679213546594886E-5 0.03046584456259485 3462261.5817415905 6014.518386153048 -0.24171453469781118 7.030380864454636E-4 1.0487778696397136E-5 -1354.4673676468162 0.0 0.0 3.5830143562246506 -6.040157538979098E-4 3.583014407136396 148.9809802608095 30.215904060306542 0.0 190.8506057660375 0.298200168795411 1.7851382831018991 0.0 0.0 3 189.68661706325366 1.55 0.0 0.0 5000.0 0.057749499544373 9.173960752176341E10
19.1996755648211 1.1899233843933118E-5 0.0321531648020061 3460825.080689236 6015.049357343749 -0.24060316316122612 7.423637465001277E-4 1.3114115926908317E-5 -1694.0705337884917 0.0 0.0 3.5859972476143605 -6.388955612297187E-4 3.58599730452845 150.0246706404996 30.13078659407246 0.0 190.8177971037494 0.3754227427967548 1.785254909097417 0.0 0.0 3 237.23090259488126 1.55 0.0 0.0 5000.0 0.05050597150945251 9.173090466368799E10
20.1996755648211 1.3186764478327281E-5 0.033841783541670875 3459394.9560276507 6015.509401938293 -0.2394910815008584 7.817639858918198E-4 1.5728816503217735E-5 -2032.288919373932 0.0 0.0 3.5889704367959894 -6.739041266056281E-4 3.5889705000657735 151.06373668486023 30.046675300303715 0.0 190.7851338085731 0.4533157411403819 1.7853709598194 0.0 0.0 3 284.5751618447279 1.55 0.0 0.0 5000.0 0.04328954539154887 9.172013808845317E10
21.1996755648211 1.4542026390615576E-5 0.03553167712147207 3457971.231416388 6015.898788918229 -0.23837831812138321 8.2123911615625E-4 1.833183698020433E-5 -2369.0922238186185 0.0 0.0 3.5919338297440784 -7.090402168075492E-4 3.5919338997256047 152.09816112906557 29.963550030312557 0.0 190.7526164232327 0.5318638262469119 1.785486442025603 0.0 0.0 3 331.71523569942724 1.55 0.0 0.0 5000.0 0.036100854113029775 9.170731628267194E10
22.1996755648211 1.596523916637612E-5 0.03722282187720931 3456553.930051899 6016.2177934303545 -0.23726490140195838 8.607894512441789E-4 2.0923134801683416E-5 -2704.45026587741 0.0 0.0 3.594887333286894 -7.443025830329524E-4 3.5948874103388677 153.1279270615476 29.881387658697676 0.0 190.72024547934737 0.6110516955664467 1.7856013665250738 0.0 0.0 3 378.6469808684806 1.55 0.0 0.0 5000.0 0.028940521666141812 9.169244798975659E10
23.001850137649065 1.715616851177467E-5 0.038580303587173716 3455421.6652270644 6016.421773659858 -0.23637129373736496 8.925702981524298E-4 2.3978340945012565E-5 -3099.7938283257313 0.0 0.0 3.597838761573983 -7.797853438398523E-4 3.597838846078211 153.9902856824963 29.813428611086483 0.0 190.6909824903727 0.7041134043031777 1.7856971663030592 0.0 0.0 3 433.97529643047693 1.55 0.0 0.0 5000.0 0.021814464641212616 9.167920503618158E10
24.978625278946648 2.0278855571282303E-5 0.041928763965202856 3452649.265567761 6016.5604577407685 -0.2341676268802703 9.710953803273835E-4 3.374123821757925E-5 -4362.1000878400855 0.0 0.0 3.6030422303931635 -8.429467883448512E-4 3.603042328998624 153.96011561800816 29.819096519825337 0.0 190.66798290104282 0.9904829789161366 1.7856905907740035 0.0 0.0 3 610.7021158057039 1.55 0.0 0.0 5000.0 -0.0074663779736748636 9.16351467385536E10
25.978625278946648 2.1960734513523002E-5 0.04362434675752877 3451256.5008635744 6016.415014313441 -0.2330520994653563 0.0010109327876934332 3.9202084057483564E-5 -5067.885504555455 0.0 0.0 3.605957425652038 -8.7867343481264E-4 3.605957532706407 153.94324008746125 29.82127305774121 0.0 190.65511815319132 1.1505837790341915 1.7856881031246674 0.0 0.0 3 709.5143737150217 1.55 0.0 0.0 5000.0 -0.02217357645215201 9.160658065855348E10
26.978625278946648 2.3711522330484167E-5 0.04532100022857748 3449870.317660046 6016.125653911749 -0.23193614433674642 0.0010508469358542004 4.463718397956948E-5 -5770.013996402576 0.0 0.0 3.608862192313549 -9.145188386282821E-4 3.6088623081872853 153.92644411895202 29.82272287569156 0.0 190.64231405798427 1.3098734100897393 1.7856864848736478 0.0 0.0 3 807.8145359333406 1.55 0.0 0.0 5000.0 -0.036806849511303946 9.157376052882085E10
27.978625278946648 2.553140262504901E-5 0.0470186794943525 3448490.75246812 6015.6931134397355 -0.23081981815873095 0.0010908381552557885 5.004639412960268E-5 -6468.369507260551 0.0 0.0 3.6117564079136013 -9.50481200348934E-4 3.6117565329794137 153.90972815703003 29.823449327852842 0.0 190.6295709543157 1.468348464166151 1.7856857317592538 0.0 0.0 3 905.5862115345357 1.55 0.0 0.0 5000.0 -0.05136382019477842 9.153671026577615E10
28.17476760040295 2.5896478706330158E-5 0.047351782727491104 3448220.940758965 6015.591162944225 -0.23060082068494359 0.001098691195465035 5.222581441376296E-5 -6749.610789560972 0.0 0.0 3.6128383515962987 -9.639888398064451E-4 3.6128384802035565 153.8503854835268 29.82797072811805 0.0 190.62469129474857 1.531662089767204 1.7856795041104878 0.0 0.0 3 944.9639162604377 1.55 0.0 0.0 5000.0 -0.055215946703150456 9.152908897107034E10
29.50594548229904 2.8444679064414197E-5 0.0496134401933791 3446396.5817411817 6014.62746353657 -0.22911426595790807 0.0011520670586111993 6.430778644323087E-5 -8307.820069196348 0.0 0.0 3.61615614748271 -0.0010056286234863972 3.616156287311975 151.86223191806138 29.993392726418392 0.0 190.60567155025612 1.861440498322059 1.7854511197329166 0.0 0.0 3 1163.2662436649491 1.55 0.0 0.0 5000.0 -0.09232783348661809 9.146809347177055E10
30.50594548229904 3.0439889187153786E-5 0.051313443184580386 3445033.95364139 6013.585820571199 -0.2279973466739028 0.001192254554578573 7.473529877990785E-5 -9650.720866576541 0.0 0.0 3.619023072247437 -0.0010418772738216369 3.619023222219986 150.14632860521354 30.137522401329882 0.0 190.58925629785762 2.1386460193899897 1.7852545017691708 0.0 0.0 3 1351.4488910422529 1.55 0.0 0.0 5000.0 -0.12000611199367585 9.141292939268686E10
31.50594548229904 3.2504697201566234E-5 0.053014224822887854 3443678.1345994947 6012.273536984061 -0.22688037526292812 0.001232520313061489 8.511086559923224E-5 -10984.760786089999 0.0 0.0 3.6218788939148387 -0.0010782346509867974 3.621879054410257 148.43897320700106 30.28222933699674 0.0 190.57292281940008 2.4076543795193515 1.7850592828562557 0.0 0.0 3 1538.4308089355711 1.55 0.0 0.0 5000.0 -0.1475029398247408 9.134971596336172E10
32.50594548229904 3.463921579399429E-5 0.05471570369949713 3442329.184268789 6010.692432838379 -0.22576345732590225 0.0012728646815405383 9.543402765004711E-5 -12309.540852800164 0.0 0.0 3.624723439315042 -0.0011146980731172329 3.624723610714569 146.7402412956751 30.427531584164015 0.0 190.55667183784826 2.6685579658191254 1.7848654334878429 0.0 0.0 3 1724.1553091128324 1.55 0.0 0.0 5000.0 -0.17481018817917374 9.127851476322073E10
33.50594548229904 3.68435495806664E-5 0.05641779870394577 3440987.1603798075 6008.844406970772 -0.2246466980581823 0.0013132880120294513 1.0570434036562439E-4 -13624.671788144115 0.0 0.0 3.627556538891228 -0.0011512648395201486 3.6275567215776565 145.050206027085 30.573447943632612 0.0 190.54050405305028 2.921450150107502 1.7846729241310257 0.0 0.0 3 1908.5670550498905 1.55 0.0 0.0 5000.0 -0.20191992686568086 9.119939074151341E10
34.0702750026709 3.811837008737472E-5 0.05737858020223697 3440232.897035011 6007.6379610345275 -0.2240165906746281 0.0013361350786008823 1.1799137262845727E-4 -15200.853570637568 0.0 0.0 3.6294845666946607 -0.0011762938374831864 3.629484757309489 144.56134884402516 30.611664321451766 0.0 190.53334800311976 3.249925788645575 1.7846218905054663 0.0 0.0 3 2129.4221554029245 1.55 0.0 0.0 5000.0 -0.23428724561996705 9.114995605957135E10
35.0702750026709 4.0432038419612525E-5 0.05908142572097971 3438901.8595501557 6005.05629763555 -0.2229003586824104 0.0013766826453427041 1.3735989060453617E-4 -17683.081186262614 0.0 0.0 3.631965033122982 -0.001208667377669165 3.6319652342368105 144.3778571167879 30.617582267305615 0.0 190.5267347472763 3.778474124793003 1.7846119518407657 0.0 0.0 3 2477.1605345384924 1.55 0.0 0.0 5000.0 -0.2919672674315314 9.104888202639503E10
36.0702750026709 4.2815564026431926E-5 0.06078454711526996 3437577.9905175357 6001.911161636376 -0.22178473298335966 0.0014173100916986643 1.5922269853214547E-4 -20476.893708668464 0.0 0.0 3.634767790490739 -0.0012454834859181663 3.6347680038783827 144.17073520927553 30.621516835010155 0.0 190.51926983217743 4.3734181374204155 1.784603841248831 0.0 0.0 3 2868.548923207956 1.55 0.0 0.0 5000.0 -0.3491585197011137 9.093110568855782E10
37.0702750026709 4.5268888927520976E-5 0.06248777895368221 3436261.4042642047 5998.207520160433 -0.2206699322768345 0.001458017786246931 1.8096579474753108E-4 -23245.358597740855 0.0 0.0 3.63755820447687 -0.0012823888166118521 3.637558430524253 143.96474741583805 30.62251360324032 0.0 190.5118457918725 4.9633469992973405 1.784599072926371 0.0 0.0 3 3256.383877811741 1.55 0.0 0.0 5000.0 -0.4058260521770297 9.079672033879498E10
38.0702750026709 4.779193765459575E-5 0.06419095682122544 3434952.210881645 5993.950677936899 -0.21955617401812763 0.001498806105172252 2.0258734777958343E-4 -25986.806357980327 0.0 0.0 3.6403359906793744 -0.0013193787199812692 3.6403362297727098 143.75991108730207 30.620591811348454 0.0 190.5044632517055 5.548240386821979 1.784597623723396 0.0 0.0 3 3640.42936241298 1.55 0.0 0.0 5000.0 -0.4619359939174059 9.064591847382915E10
39.0702750026709 5.0384617496858846E-5 0.06589391742473188 3433650.5161876054 5989.146266491945 -0.2184436743079497 0.0015396754320353115 2.2408559651832742E-4 -28699.62214994762 0.0 0.0 3.6431008729148844 -0.0013564485336891052 3.6431011254404972 143.55624290791323 30.615772536931832 0.0 190.49712281299605 6.128080289191739 1.7845994703053305 0.0 0.0 3 4020.4570587815633 1.55 0.0 0.0 5000.0 -0.5174555976724772 9.047890647964525E10
40.39891734693564 5.39367794825661E-5 0.06815586036044358 3431932.8551001716 5981.3724316001 -0.21696796758155434 0.0015941021324359914 2.800144759121065E-4 -35776.45428949491 0.0 0.0 3.6467539290964694 -0.0014058158027612233 3.6467542000659448 144.37685936436958 30.50259459932403 0.0 190.4919347431023 7.701133761901527 1.7847409116692683 0.0 0.0 3 5011.435281106599 1.55 0.0 0.0 5000.0 -0.676634548776345 9.021575137655095E10
41.39891734693564 5.6690650434562047E-5 0.06985738034030468 3430649.2393730497 5974.148212369662 -0.21585964417865774 0.0016351616006828925 3.2654832280627473E-4 -41628.03267770178 0.0 0.0 3.649487357059624 -0.0014430483434228654 3.6494876423583844 145.1773345322136 30.394457616469 0.0 190.48883044131412 9.030583056831539 1.7848773985156519 0.0 0.0 3 5830.657152183209 1.55 0.0 0.0 5000.0 -0.7959205265673814 8.997698536132103E10
42.39891734693564 5.951300563285473E-5 0.07155772479498201 3429373.7558435844 5965.762059514941 -0.2147538598505831 0.0016763033816509087 3.727895362173055E-4 -47397.39465802184 0.0 0.0 3.6522064179719935 -0.0014803367929030536 3.6522067179819984 145.97277581929842 30.281667101653085 0.0 190.48574566128713 10.36568632721582 1.7850201737959275 0.0 0.0 3 6638.215544257561 1.55 0.0 0.0 5000.0 -0.9134976672365646 8.970392837168544E10
43.39891734693564 6.240333841489418E-5 0.07325655589782959 3428106.61823317 5956.231445475557 -0.21365106804202233 0.0017175278907749475 4.1873029811480706E-4 -53077.441963543 0.0 0.0 3.6549105979698386 -0.0015176724458336828 3.654910913070508 146.7630487398764 30.16433871993212 0.0 190.48268092456692 11.705948417479604 1.7851692368421928 0.0 0.0 3 7433.110663702721 1.55 0.0 0.0 5000.0 -1.029222652871332 8.93972513316654E10
44.39891734693564 6.536110845896219E-5 0.07495354015939563 3426848.030111673 5945.575213403749 -0.21255171728136607 0.0017588355569213754 4.6436315671477644E-4 -58661.4276369592 0.0 0.0 3.657599403153275 -0.00155504663245883 3.6575997337211765 147.5480251083698 30.042592719011765 0.0 190.47963672826668 13.050877400348595 1.785324585133522 0.0 0.0 3 8214.392515153202 1.55 0.0 0.0 5000.0 -1.1429594085705947 8.905768227055994E10
45.39891734693564 6.838572737695308E-5 0.0766483401438184 3425598.1911507966 5933.629958994415 -0.21145626252580665 0.0018002268208193563 5.259350328796439E-4 -66188.77464512613 0.0 0.0 3.660272359434499 -0.001592450722906537 3.660272705843036 148.8112125174549 29.873269002338287 0.0 190.47738262713287 14.907718055772508 1.7855446058790396 0.0 0.0 3 9267.30903658114 1.55 0.0 0.0 5000.0 -1.3258629222678893 8.868055734468797E10
46.39891734693564 7.147623059421961E-5 0.07834043570367613 3424357.4274824755 5919.438518073002 -0.2103654076163319 0.0018417021138065212 6.227860052926415E-4 -78033.33151249522 0.0 0.0 3.662928798897098 -0.0016298731090311424 3.6629291615148785 151.12819473884258 29.604488257690612 0.0 190.47683490457024 17.92777964222145 1.7859026917677612 0.0 0.0 3 10923.513900308668 1.55 0.0 0.0 5000.0 -1.566511987763084 8.823778236122052E10
47.39891734693564 7.463129050439875E-5 0.08002914659003421 3423126.1706044385 5902.9133317067335 -0.20928007588501982 0.0018832618690391228 7.189035709566487E-4 -89608.79978468384 0.0 0.0 3.66556775489731 -0.0016672975905126122 3.665568134085651 153.42763154632146 29.331157802941167 0.0 190.47629132965233 21.009472495926918 1.786272799288975 0.0 0.0 3 12541.309454573871 1.55 0.0 0.0 5000.0 -1.8015545761687501 8.772725960129752E10
48.39891734693564 7.784950935135505E-5 0.0817138004537139 3421904.8324966435 5884.1121943133985 -0.2082011835003292 0.0019249065459950568 8.142551505250519E-4 -100887.68665216205 0.0 0.0 3.668188271184013 -0.0017047076457931945 3.6681886672961785 155.70874353866296 29.053644465774124 0.0 190.47575208662556 24.149781829131665 1.786654964693526 0.0 0.0 3 14116.839659283045 1.55 0.0 0.0 5000.0 -2.0304283610138256 8.715127598481819E10
49.39891734693564 8.11294352859616E-5 0.08339374065181557 3420693.8003989286 5863.098192453394 -0.20712962940474228 0.001966636630734997 9.088101345454515E-4 -111844.17589963687 0.0 0.0 3.670789442635526 -0.0017420870202266624 3.6707898560162255 157.9707984407515 28.77220180822185 0.0 190.47521734859592 27.345662689666117 1.7870493634071887 0.0 0.0 3 15646.486631795491 1.55 0.0 0.0 5000.0 -2.252617157243117 8.651233046625058E10
50.39891734693564 8.446956768090111E-5 0.08506832778696244 3419493.4362814976 5839.939240902057 -0.2060662936937622 0.002008452635381029 0.001002539874608471 -122454.80080602906 0.0 0.0 3.6733704153584634 -0.0017794197495439792 3.673370846343377 160.213110891836 28.487096859150615 0.0 190.47468727757916 30.59405038554971 1.7874561569477443 0.0 0.0 3 17126.965650325736 1.55 0.0 0.0 5000.0 -2.467653120907799 8.581311091565977E10
51.051547263728004 8.668117042621901E-5 0.08615802937587437 3418715.9575339435 5823.6719794638575 -0.2053771724974809 0.002035789600988958 0.0010930627489186553 -132591.8626273318 0.0 0.0 3.675527359434127 -0.0018108065188520873 3.6755278054952947 162.09810390654278 28.24281908483564 0.0 190.47448901346328 33.7489173958292 1.7878100375977448 0.0 0.0 3 18541.10054185254 1.55 0.0 0.0 5000.0 -2.6417637727558967 8.53248086323821E10
52.051547263728004 9.011705039143888E-5 0.08782225054428677 3417534.067355478 5795.648737362875 -0.20432952356818054 0.0020777487627299165 0.0012428169902622187 -149636.53469845434 0.0 0.0 3.677589282414676 -0.0018409711301351633 3.677589743202196 163.96434058638113 27.99346322722912 0.0 190.47556074602707 38.81466563275004 1.7881732233687209 0.0 0.0 3 20920.30748796188 1.55 0.0 0.0 5000.0 -3.068589948362982 8.448934971007346E10
53.051547263728004 9.360740048451336E-5 0.08947878048885417 3416364.1951825204 5763.52492740574 -0.203293337378032 0.00211979521653552 0.0014258742200513232 -169878.75516950054 0.0 0.0 3.6801118967320225 -0.001878089999782645 3.6801123759595455 166.24559895794386 27.674432018674466 0.0 190.47687081506044 45.151649604688174 1.7886459874564478 0.0 0.0 3 23744.04386905502 1.55 0.0 0.0 5000.0 -3.47747831880022 8.353986525787527E10
54.051547263728004 9.714922331656306E-5 0.09112644839082908 3415207.0192717393 5727.484450833161 -0.20227025388494427 0.0021619295015729264 0.0016069721639444614 -189180.12811775526 0.0 0.0 3.682609840163207 -0.0019150798324112923 3.6826103381158375 168.5024407175126 27.34371316561199 0.0 190.4781668622506 51.577436456595564 1.7891462327761025 0.0 0.0 3 26434.413891397893 1.55 0.0 0.0 5000.0 -3.866852628978495 8.248354001100034E10
55.051547263728004 1.0073948485737056E-4 0.09276413578214046 3414063.159571116 5687.725460533719 -0.2012618565093913 0.002204152210536923 0.0017860120014070943 -207472.80467102985 0.0 0.0 3.6850816719718273 -0.0019519132931136495 3.6850821889163043 170.73363436403184 27.002324297652862 0.0 190.47944818037755 58.083340049393136 1.7896741029030776 0.0 0.0 3 28981.925303395008 1.55 0.0 0.0 5000.0 -4.235384680865345 8.132813859520392E10
56.051547263728004 1.0437513157933447E-4 0.09439078052969364 3412933.1767429556 5644.457904430372 -0.20026966789210468 0.0022464639897974807 0.0019629041413712195 -224701.27133322076 0.0 0.0 3.6875260749288983 -0.0019885641828872387 3.6875266111132046 172.93806341401643 26.651301846684625 0.0 190.48071412827306 64.66074338866196 1.7902297096606363 0.0 0.0 3 31378.832297422898 1.55 0.0 0.0 5000.0 -4.581998185902372 8.00818149013291E10
57.051547263728004 1.0805310691428965E-4 0.09600538012083107 3411817.5717806323 5597.901056156444 -0.1992951463716853 0.002288865539637117 0.0021375683022600853 -240822.34455066547 0.0 0.0 3.689941857148053 -0.0020250075351777304 3.689942412801146 175.11472739881916 26.29169100250309 0.0 190.4819641313933 71.3011498683777 1.7908131343294285 0.0 0.0 3 33619.13366813138 1.55 0.0 0.0 5000.0 -4.905867568045516 7.875299335961401E10
58.405178177315676 1.13093268707201E-4 0.09816989923064082 3410331.2720428924 5528.185227907261 -0.1980068964111732 0.0023464059005001096 0.0024916918619757064 -274061.1665126261 0.0 0.0 3.6931643105860106 -0.002073963531018819 3.693164892921919 177.83416101213695 25.796524709733724 0.0 190.48651391542003 84.40608521213326 1.7916354136216288 0.0 0.0 3 38241.76007419895 1.55 0.0 0.0 5000.0 -5.640911311135536 7.678674639804872E10
59.405178177315676 1.1685619493429709E-4 0.09975141472623329 3409251.9158129385 5470.148884631461 -0.19708093340432356 0.0023890215877684167 0.0027941444183501194 -301164.46879837965 0.0 0.0 3.6955074825217533 -0.002109808061873307 3.6955080847786443 179.7420993300775 25.41152215108125 0.0 190.4908933216837 95.66936196805932 1.792292558586802 0.0 0.0 3 42008.274173141086 1.55 0.0 0.0 5000.0 -6.183179856575954 7.517128887296996E10
60.405178177315676 1.2064717311215432E-4 0.10131627540442911 3408189.330498377 5407.030639074461 -0.1961794729468437 0.0024317294957625648 0.0030919609271646722 -325895.68831540033 0.0 0.0 3.6978167076272292 -0.0021453361947119075 3.697817329949449 181.620792423943 25.008854900613226 0.0 190.49520559961502 106.97532464207052 1.7929999122913614 0.0 0.0 3 45440.003382225834 1.55 0.0 0.0 5000.0 -6.676730082307542 7.343549948073518E10
61.405178177315676 1.244614114582123E-4 0.10286305405522234 3407144.214767099 5339.314344742275 -0.1953047142242239 0.002474530500697024 0.0033849391512789503 -348193.33195594256 0.0 0.0 3.7000903243178636 -0.0021805125654567846 3.700090966820373 183.46896453665553 24.59087339994805 0.0 190.49944782089156 118.30611612995283 1.7937572626945026 0.0 0.0 3 48528.490894150025 1.55 0.0 0.0 5000.0 -7.1204884622826325 7.159712017830849E10
62.405178177315676 1.2829427427287645E-4 0.10439046167569317 3406117.1539402483 5267.49051909483 -0.1944587071619449 0.0025174255873010665 0.0036729086507363774 -368034.73111211945 0.0 0.0 3.7023269144883306 -0.002215304847483043 3.7023275772573463 185.28554049487903 24.159900978265636 0.0 190.50361751760298 129.6447345489582 1.7945643413788714 0.0 0.0 3 51270.7628567578 1.55 0.0 0.0 5000.0 -7.514159219243468 6.967375165832738E10
63.405178177315676 1.3214130863621032E-4 0.10589734882043751 3405108.623133223 5192.049053399065 -0.19364335062375035 0.002560415850481574 0.003955729990723802 -385432.69038444804 0.0 0.0 3.704525298567809 -0.0022496838235716485 3.704525981661651 187.06964071265108 23.71820467552274 0.0 190.5077126707823 140.9751335901922 1.79542082832417 0.0 0.0 3 53668.8508209253 1.55 0.0 0.0 5000.0 -7.858152743929445 6.7682546181930275E10
64.28688442963985 1.35541628645734E-4 0.10720814926620441 3404235.0635698703 5122.91574939035 -0.19295126846927455 0.0025984005473391357 0.004243843452586278 -400960.3938596 0.0 0.0 3.706766630924414 -0.0022849172928855336 3.7067673351563037 188.88712481789844 23.250543782919507 0.0 190.5118844520185 152.71573406640198 1.7963620927398383 0.0 0.0 3 55801.72219733957 1.55 0.0 0.0 5000.0 -8.121054294447088 6.588376169999047E10
65.35867333161458 1.3968088002657574E-4 0.10877793161017055 3403193.3625051216 5034.106506440227 -0.19214578297903853 0.0026446763246621642 0.004661802332588609 -427649.29409970425 0.0 0.0 3.7087378154139827 -0.0023160547350354727 3.7087385385857567 190.51681838482878 22.817279103962214 0.0 190.5149243405533 169.20616313864065 1.7972656111487695 0.0 0.0 3 59486.10092004723 1.55 0.0 0.0 5000.0 -8.765853477033419 6.360949630168742E10
66.35867333161458 1.4354246845137367E-4 0.11021757871109412 3402242.1587252114 4945.494094359471 -0.19143247612204944 0.0026879548526448226 0.005115366385807717 -453644.44587399875 0.0 0.0 3.7107855613268583 -0.002348548555151825 3.7107863045225606 192.21245671014694 22.34000707437626 0.0 190.5180051597521 187.32437850960926 1.7982998003492265 0.0 0.0 3 63065.742122907126 1.55 0.0 0.0 5000.0 -9.28500994103433 6.138119673379885E10
67.35867333161458 1.4739742199362224E-4 0.11163154970809609 3401311.6397520113 4852.222466061316 -0.1907588562825954 0.0027313335642467173 0.005566059640815121 -475730.1148589252 0.0 0.0 3.7128218554625687 -0.002381006327075539 3.7128226189237266 193.89736262526313 21.84004197581622 0.0 190.52106647914667 205.61877208760407 1.7994303303758359 0.0 0.0 3 66094.54487181541 1.55 0.0 0.0 5000.0 -9.71618811789822 5.907942976656462E10
68.35867333161458 1.5124013719652985E-4 0.11301858110487004 3400402.290102409 4755.139305659622 -0.19012736770658734 0.002774814041985389 0.00600659539140652 -493623.80939085915 0.0 0.0 3.7148137114959803 -0.0024128929143914578 3.714814495122301 195.54429495394731 21.328410201502614 0.0 190.5240588040202 223.7810736984687 1.8006409831642485 0.0 0.0 3 68534.45717471938 1.55 0.0 0.0 5000.0 -10.062751408368602 5.673087446708496E10
69.35867333161458 1.5506550681071565E-4 0.1143776479200662 3399514.4304061 4655.053126993417 -0.18954019221254542 0.002818398075001086 0.006436802093341914 -507537.9124191894 0.0 0.0 3.7167602545972214 -0.0024441813038751144 3.7167610582570205 197.15261238217613 20.808707889384607 0.0 190.52698096916393 241.784902033686 1.8019307177840962 0.0 0.0 3 70415.84720906035 1.55 0.0 0.0 5000.0 -10.329270121522413 5.435990526259807E10
70.35867333161458 1.5886892645152918E-4 0.11570795144804012 3398648.2307573874 4552.722951397108 -0.1889992609620506 0.002862087658870731 0.0068565822361804545 -517732.2183542958 0.0 0.0 3.718660945549351 -0.0024748497529003886 3.7186617690824333 198.7219503695071 20.284251995745397 0.0 190.5298323122414 259.6070698358542 1.803298428017427 0.0 0.0 3 71775.72640091223 1.55 0.0 0.0 5000.0 -10.521214127144235 5.198831156030618E10
71.35867333161458 1.6264629112555144E-4 0.11700890438539922 3397803.725133447 4448.850917948744 -0.188506269042035 0.002905884994250363 0.007265905483895144 -524499.5294731118 0.0 0.0 3.720515550892073 -0.002504881488200117 3.7205163941126527 200.2521955054316 19.75805639014528 0.0 190.5326126271961 277.2275284185564 1.8047429552932583 0.0 0.0 3 72655.71087765851 1.55 0.0 0.0 5000.0 -10.644664498216754 4.963515695278941E10
72.35867333161458 1.663939832909149E-4 0.11828011413462983 3396980.8263147306 4344.0775840746655 -0.1880626920314445 0.0029497924844676215 0.0076648015164406105 -528152.6084211905 0.0 0.0 3.7223241115020693 -0.0025342643538045456 3.722324974201673 201.74345874774747 19.232819814339926 0.0 190.53532211562816 294.62925922708206 1.806263100831637 0.0 0.0 3 73100.17684827023 1.55 0.0 0.0 5000.0 -10.706054777277638 4.731675547424489E10
73.66133625229097 1.7122505795826314E-4 0.11989070974748103 3395941.209563862 4203.468238273765 -0.18756176347587256 0.003007158539319313 0.00857617499442484 -554562.5981615293 0.0 0.0 3.7246111827286845 -0.0025715494699847926 3.7246120704543513 205.04628211767417 18.484956480513922 0.0 190.53632331679992 335.06056292163714 1.808591079218107 0.0 0.0 3 76656.71424207161 1.55 0.0 0.0 5000.0 -11.343097190061506 4.4292818109890305E10
74.66133625229097 1.748864338145736E-4 0.1210906624008766 3395168.5904466184 4090.1488931215868 -0.18724034525882993 0.0030513292357325222 0.00938066832672624 -575396.7692578362 0.0 0.0 3.726312772085426 -0.0025993753901452994 3.7263136787124336 207.94379186310732 17.881141545069738 0.0 190.53631278386183 371.66999045935916 1.8106154148482525 0.0 0.0 3 79447.67902382794 1.55 0.0 0.0 5000.0 -11.7359356207932 4.192890965036062E10
75.66133625229097 1.784997654837293E-4 0.12225766124823455 3394418.558343458 3973.654650520094 -0.18697741448830899 0.003095618671030565 0.010161866197949726 -589409.5169645105 0.0 0.0 3.7279660962844456 -0.0026264752288082185 3.727967021503599 210.7573993277043 17.273894310096846 0.0 190.53630255592273 408.0694065295932 1.8127924494118197 0.0 0.0 3 81284.74900087858 1.55 0.0 0.0 5000.0 -11.992606729559123 3.9566509320488686E10
76.66133625229097 1.8205980804587073E-4 0.12339093499602638 3393691.2865217263 3855.253089707715 -0.18677582076175195 0.0031400300905283455 0.01091953600269241 -597278.2009878136 0.0 0.0 3.7295705765080633 -0.002652827321867423 3.7295715199802095 213.486266746384 16.668352033110082 0.0 190.53629263602804 444.172675232985 1.815120122491371 0.0 0.0 3 82264.28014141708 1.55 0.0 0.0 5000.0 -12.127246198261945 3.7235599478469734E10
77.66133625229097 1.855623084254881E-4 0.12449005950893985 3392986.735294625 3736.0679283883906 -0.18663801106303926 0.0031845671500714424 0.01165367264787151 -599734.6695532758 0.0 0.0 3.7311261176537376 -0.0026784182699704753 3.731127079015439 216.1303757756048 16.068918043821846 0.0 190.53628302424443 479.90614606093504 1.8175961897562305 0.0 0.0 3 82490.08676037526 1.55 0.0 0.0 5000.0 -12.154901879133272 3.496055617620648E10
78.66133625229097 1.8900393231409982E-4 0.12555491582852835 3392304.68333966 3617.0740800047975 -0.18656607171406925 0.0032292339031244574 0.012364466125439247 -597524.7304177275 0.0 0.0 3.7326330409299433 -0.0027032420071811166 3.732634019798789 218.6904107013775 15.479272382588075 0.0 190.53627371808437 515.2082121292113 1.820218268629725 0.0 0.0 3 82067.7306556687 1.55 0.0 0.0 5000.0 -12.090747280334295 3.2760406532848274E10
79.66133625229097 1.9238218009088947E-4 0.1265856476440727 3391644.7581441966 3499.099532890115 -0.18656177133337143 0.003274034785996508 0.013052269712512967 -591376.5333680852 0.0 0.0 3.7340920174444965 -0.002727298838947563 3.7340930134239647 221.16764390701374 14.902408230747119 0.0 190.53626471292262 550.0286072494495 1.8229838796816467 0.0 0.0 3 81100.07718106633 1.55 0.0 0.0 5000.0 -11.94947733222053 3.0649287484688194E10
80.66133625229097 1.956952972850046E-4 0.12758261994919834 3391006.464604166 3382.8322900440035 -0.1866266029910853 0.003318974601924079 0.01371756989023966 -581977.6475546357 0.0 0.0 3.735504005134025 -0.002750594492861942 3.7355050178178595 223.5638275311675 14.34068596569133 0.0 190.5362560023898 584.3275259247145 1.8258904833862155 0.0 0.0 3 79684.08467677176 1.55 0.0 0.0 5000.0 -11.744878293095036 2.863702278685102E10
81.66133625229097 1.9894218403339423E-4 0.1285463801293989 3390389.2111400603 3268.8307544863915 -0.186761824242242 0.0033640585046309174 0.01436095871265405 -569959.9334917329 0.0 0.0 3.736870190627421 -0.0027731392143808416 3.736871219603496 225.8810939499152 13.795897734832085 0.0 190.53624757873436 618.0746391263339 1.8289355121450224 0.0 0.0 3 77908.69739623423 1.55 0.0 0.0 5000.0 -11.489551285484124 2.6729750591277393E10
82.66133625229097 2.021223069098443E-4 0.1294776222917449 3389792.332979036 3157.536180786847 -0.18696849416011105 0.0034092919818713725 0.014983109049023113 -555890.948125669 0.0 0.0 3.7381919369860253 -0.0027949469293621697 3.738192981839711 228.12186660815087 13.26933677074321 0.0 190.53623943314668 651.2480656040891 1.8321163976735328 0.0 0.0 3 75853.6614856394 1.55 0.0 0.0 5000.0 -11.194762850392927 2.4930550817897934E10
83.16360932589184 2.036943760075733E-4 0.12993334273404486 3389500.0 3102.7670830455836 -0.1870995417159144 0.0034320697852757527 0.015584752876794164 -540270.5082223037 0.0 0.0 3.7394707377396146 -0.0028160344864988753 3.7394717980566567 230.28878183821175 12.761867041231348 0.0 190.53623155604325 683.8333452028393 1.8354305939925932 0.0 0.0 3 73589.06814436645 1.55 0.0 0.0 5000.0 -11.034974272230686 2.4067908929077995E10
