0.000000 340.294000 
1000.000000 336.434000 
2000.000000 332.529000 
3000.000000 328.578000 
4000.000000 324.579000 
5000.000000 320.529000 
6000.000000 316.428000 
7000.000000 312.274000 
8000.000000 308.063000 
9000.000000 303.793000 
10000.000000 299.463000 
11000.000000 295.070000 
12000.000000 295.070000 
13000.000000 295.070000 
14000.000000 295.070000 
15000.000000 295.070000 
16000.000000 295.070000 
17000.000000 295.070000 
18000.000000 295.070000 
19000.000000 295.070000 
20000.000000 295.070000 
21000.000000 295.750000 
22000.000000 296.428000 
23000.000000 297.105000 
24000.000000 297.781000 
25000.000000 298.455000 
26000.000000 299.128000 
27000.000000 299.799000 
28000.000000 300.468000 
29000.000000 301.136000 
30000.000000 301.803000 
31000.000000 302.468000 
32000.000000 303.131000 
33000.000000 304.982000 
34000.000000 306.821000 
35000.000000 308.649000 
36000.000000 310.467000 
37000.000000 312.274000 
38000.000000 314.070000 
39000.000000 315.856000 
40000.000000 317.633000 
41000.000000 319.399000 
42000.000000 321.156000 
43000.000000 322.903000 
44000.000000 324.641000 
45000.000000 326.369000 
46000.000000 328.088000 
47000.000000 329.799000 
48000.000000 329.799000 
49000.000000 329.799000 
50000.000000 329.799000 
51000.000000 329.799000 
52000.000000 328.088000 
53000.000000 326.369000 
54000.000000 324.641000 
55000.000000 322.903000 
56000.000000 321.156000 
57000.000000 319.399000 
58000.000000 317.633000 
59000.000000 315.856000 
60000.000000 314.070000 
61000.000000 312.274000 
62000.000000 310.467000 
63000.000000 308.649000 
64000.000000 306.821000 
65000.000000 304.982000 
66000.000000 303.131000 
67000.000000 301.269000 
68000.000000 299.396000 
69000.000000 297.511000 
70000.000000 295.614000 
71000.000000 293.704000 
72000.000000 292.333000 
73000.000000 290.955000 
74000.000000 289.570000 
75000.000000 288.179000 
76000.000000 286.781000 
77000.000000 285.377000 
78000.000000 283.965000 
79000.000000 282.546000 
80000.000000 281.120000 
81000.000000 279.687000 
82000.000000 278.246000 
83000.000000 276.798000 
84000.000000 275.343000 
85000.000000 274.096000 
