0	288.15
100	287.5
200	286.85
300	286.2
400	285.55
500	284.9
600	284.25
700	283.6
800	282.95
900	282.3
1000	281.65
1100	281
1200	280.35
1300	279.7
1400	279.05
1500	278.4
1600	277.75
1700	277.1
1800	276.45
1900	275.8
2000	275.15
2100	274.5
2200	273.85
2300	273.2
2400	272.55
2500	271.9
2600	271.25
2700	270.6
2800	269.95
2900	269.3
3000	268.65
3100	268
3200	267.35
3300	266.7
3400	266.05
3500	265.4
3600	264.75
3700	264.1
3800	263.45
3900	262.8
4000	262.15
4100	261.5
4200	260.85
4300	260.2
4400	259.55
4500	258.9
4600	258.25
4700	257.6
4800	256.95
4900	256.3
5000	255.65
5100	255
5200	254.35
5300	253.7
5400	253.05
5500	252.4
5600	251.75
5700	251.1
5800	250.45
5900	249.8
6000	249.15
6100	248.5
6200	247.85
6300	247.2
6400	246.55
6500	245.9
6600	245.25
6700	244.6
6800	243.95
6900	243.3
7000	242.65
7100	242
7200	241.35
7300	240.7
7400	240.05
7500	239.4
7600	238.75
7700	238.1
7800	237.45
7900	236.8
8000	236.15
8100	235.5
8200	234.85
8300	234.2
8400	233.55
8500	232.9
8600	232.25
8700	231.6
8800	230.95
8900	230.3
9000	229.65
9100	229
9200	228.35
9300	227.7
9400	227.05
9500	226.4
9600	225.75
9700	225.1
9800	224.45
9900	223.8
10000	223.15
10100	222.5
10200	221.85
10300	221.2
10400	220.55
10500	219.9
10600	219.25
10700	218.6
10800	217.95
10900	217.3
11000	216.65
11100	216.65
11200	216.65
11300	216.65
11400	216.65
11500	216.65
11600	216.65
11700	216.65
11800	216.65
11900	216.65
12000	216.65
12100	216.65
12200	216.65
12300	216.65
12400	216.65
12500	216.65
12600	216.65
12700	216.65
12800	216.65
12900	216.65
13000	216.65
13100	216.65
13200	216.65
13300	216.65
13400	216.65
13500	216.65
13600	216.65
13700	216.65
13800	216.65
13900	216.65
14000	216.65
14100	216.65
14200	216.65
14300	216.65
14400	216.65
14500	216.65
14600	216.65
14700	216.65
14800	216.65
14900	216.65
15000	216.65
15100	216.65
15200	216.65
15300	216.65
15400	216.65
15500	216.65
15600	216.65
15700	216.65
15800	216.65
15900	216.65
16000	216.65
16100	216.65
16200	216.65
16300	216.65
16400	216.65
16500	216.65
16600	216.65
16700	216.65
16800	216.65
16900	216.65
17000	216.65
17100	216.65
17200	216.65
17300	216.65
17400	216.65
17500	216.65
17600	216.65
17700	216.65
17800	216.65
17900	216.65
18000	216.65
18100	216.65
18200	216.65
18300	216.65
18400	216.65
18500	216.65
18600	216.65
18700	216.65
18800	216.65
18900	216.65
19000	216.65
19100	216.65
19200	216.65
19300	216.65
19400	216.65
19500	216.65
19600	216.65
19700	216.65
19800	216.65
19900	216.65
20000	216.65
20100	216.75
20200	216.85
20300	216.95
20400	217.05
20500	217.15
20600	217.25
20700	217.35
20800	217.45
20900	217.55
21000	217.65
21100	217.75
21200	217.85
21300	217.95
21400	218.05
21500	218.15
21600	218.25
21700	218.35
21800	218.45
21900	218.55
22000	218.65
22100	218.75
22200	218.85
22300	218.95
22400	219.05
22500	219.15
22600	219.25
22700	219.35
22800	219.45
22900	219.55
23000	219.65
23100	219.75
23200	219.85
23300	219.95
23400	220.05
23500	220.15
23600	220.25
23700	220.35
23800	220.45
23900	220.55
24000	220.65
24100	220.75
24200	220.85
24300	220.95
24400	221.05
24500	221.15
24600	221.25
24700	221.35
24800	221.45
24900	221.55
25000	221.65
25100	221.75
25200	221.85
25300	221.95
25400	222.05
25500	222.15
25600	222.25
25700	222.35
25800	222.45
25900	222.55
26000	222.65
26100	222.75
26200	222.85
26300	222.95
26400	223.05
26500	223.15
26600	223.25
26700	223.35
26800	223.45
26900	223.55
27000	223.65
27100	223.75
27200	223.85
27300	223.95
27400	224.05
27500	224.15
27600	224.25
27700	224.35
27800	224.45
27900	224.55
28000	224.65
28100	224.75
28200	224.85
28300	224.95
28400	225.05
28500	225.15
28600	225.25
28700	225.35
28800	225.45
28900	225.55
29000	225.65
29100	225.75
29200	225.85
29300	225.95
29400	226.05
29500	226.15
29600	226.25
29700	226.35
29800	226.45
29900	226.55
30000	226.65
30100	226.75
30200	226.85
30300	226.95
30400	227.05
30500	227.15
30600	227.25
30700	227.35
30800	227.45
30900	227.55
31000	227.65
31100	227.75
31200	227.85
31300	227.95
31400	228.05
31500	228.15
31600	228.25
31700	228.35
31800	228.45
31900	228.55
32000	228.65
32100	228.93
32200	229.21
32300	229.49
32400	229.77
32500	230.05
32600	230.33
32700	230.61
32800	230.89
32900	231.17
33000	231.45
33100	231.73
33200	232.01
33300	232.29
33400	232.57
33500	232.85
33600	233.13
33700	233.41
33800	233.69
33900	233.97
34000	234.25
34100	234.53
34200	234.81
34300	235.09
34400	235.37
34500	235.65
34600	235.93
34700	236.21
34800	236.49
34900	236.77
35000	237.05
35100	237.33
35200	237.61
35300	237.89
35400	238.17
35500	238.45
35600	238.73
35700	239.01
35800	239.29
35900	239.57
36000	239.85
36100	240.13
36200	240.41
36300	240.69
36400	240.97
36500	241.25
36600	241.53
36700	241.81
36800	242.09
36900	242.37
37000	242.65
37100	242.93
37200	243.21
37300	243.49
37400	243.77
37500	244.05
37600	244.33
37700	244.61
37800	244.89
37900	245.17
38000	245.45
38100	245.73
38200	246.01
38300	246.29
38400	246.57
38500	246.85
38600	247.13
38700	247.41
38800	247.69
38900	247.97
39000	248.25
39100	248.53
39200	248.81
39300	249.09
39400	249.37
39500	249.65
39600	249.93
39700	250.21
39800	250.49
39900	250.77
40000	251.05
40100	251.33
40200	251.61
40300	251.89
40400	252.17
40500	252.45
40600	252.73
40700	253.01
40800	253.29
40900	253.57
41000	253.85
41100	254.13
41200	254.41
41300	254.69
41400	254.97
41500	255.25
41600	255.53
41700	255.81
41800	256.09
41900	256.37
42000	256.65
42100	256.93
42200	257.21
42300	257.49
42400	257.77
42500	258.05
42600	258.33
42700	258.61
42800	258.89
42900	259.17
43000	259.45
43100	259.73
43200	260.01
43300	260.29
43400	260.57
43500	260.85
43600	261.13
43700	261.41
43800	261.69
43900	261.97
44000	262.25
44100	262.53
44200	262.81
44300	263.09
44400	263.37
44500	263.65
44600	263.93
44700	264.21
44800	264.49
44900	264.77
45000	265.05
45100	265.33
45200	265.61
45300	265.89
45400	266.17
45500	266.45
45600	266.73
45700	267.01
45800	267.29
45900	267.57
46000	267.85
46100	268.13
46200	268.41
46300	268.69
46400	268.97
46500	269.25
46600	269.53
46700	269.81
46800	270.09
46900	270.37
47000	270.65
47100	270.65
47200	270.65
47300	270.65
47400	270.65
47500	270.65
47600	270.65
47700	270.65
47800	270.65
47900	270.65
48000	270.65
48100	270.65
48200	270.65
48300	270.65
48400	270.65
48500	270.65
48600	270.65
48700	270.65
48800	270.65
48900	270.65
49000	270.65
49100	270.65
49200	270.65
49300	270.65
49400	270.65
49500	270.65
49600	270.65
49700	270.65
49800	270.65
49900	270.65
50000	270.65
50100	270.65
50200	270.65
50300	270.65
50400	270.65
50500	270.65
50600	270.65
50700	270.65
50800	270.65
50900	270.65
51000	270.65
51100	270.37
51200	270.09
51300	269.81
51400	269.53
51500	269.25
51600	268.97
51700	268.69
51800	268.41
51900	268.13
52000	267.85
52100	267.57
52200	267.29
52300	267.01
52400	266.73
52500	266.45
52600	266.17
52700	265.89
52800	265.61
52900	265.33
53000	265.05
53100	264.77
53200	264.49
53300	264.21
53400	263.93
53500	263.65
53600	263.37
53700	263.09
53800	262.81
53900	262.53
54000	262.25
54100	261.97
54200	261.69
54300	261.41
54400	261.13
54500	260.85
54600	260.57
54700	260.29
54800	260.01
54900	259.73
55000	259.45
55100	259.17
55200	258.89
55300	258.61
55400	258.33
55500	258.05
55600	257.77
55700	257.49
55800	257.21
55900	256.93
56000	256.65
56100	256.37
56200	256.09
56300	255.81
56400	255.53
56500	255.25
56600	254.97
56700	254.69
56800	254.41
56900	254.13
57000	253.85
57100	253.57
57200	253.29
57300	253.01
57400	252.73
57500	252.45
57600	252.17
57700	251.89
57800	251.61
57900	251.33
58000	251.05
58100	250.77
58200	250.49
58300	250.21
58400	249.93
58500	249.65
58600	249.37
58700	249.09
58800	248.81
58900	248.53
59000	248.25
59100	247.97
59200	247.69
59300	247.41
59400	247.13
59500	246.85
59600	246.57
59700	246.29
59800	246.01
59900	245.73
60000	245.45
60100	245.17
60200	244.89
60300	244.61
60400	244.33
60500	244.05
60600	243.77
60700	243.49
60800	243.21
60900	242.93
61000	242.65
61100	242.37
61200	242.09
61300	241.81
61400	241.53
61500	241.25
61600	240.97
61700	240.69
61800	240.41
61900	240.13
62000	239.85
62100	239.57
62200	239.29
62300	239.01
62400	238.73
62500	238.45
62600	238.17
62700	237.89
62800	237.61
62900	237.33
63000	237.05
63100	236.77
63200	236.49
63300	236.21
63400	235.93
63500	235.65
63600	235.37
63700	235.09
63800	234.81
63900	234.53
64000	234.25
64100	233.97
64200	233.69
64300	233.41
64400	233.13
64500	232.85
64600	232.57
64700	232.29
64800	232.01
64900	231.73
65000	231.45
65100	231.17
65200	230.89
65300	230.61
65400	230.33
65500	230.05
65600	229.77
65700	229.49
65800	229.21
65900	228.93
66000	228.65
66100	228.37
66200	228.09
66300	227.81
66400	227.53
66500	227.25
66600	226.97
66700	226.69
66800	226.41
66900	226.13
67000	225.85
67100	225.57
67200	225.29
67300	225.01
67400	224.73
67500	224.45
67600	224.17
67700	223.89
67800	223.61
67900	223.33
68000	223.05
68100	222.77
68200	222.49
68300	222.21
68400	221.93
68500	221.65
68600	221.37
68700	221.09
68800	220.81
68900	220.53
69000	220.25
69100	219.97
69200	219.69
69300	219.41
69400	219.13
69500	218.85
69600	218.57
69700	218.29
69800	218.01
69900	217.73
70000	217.45
70100	217.17
70200	216.89
70300	216.61
70400	216.33
70500	216.05
70600	215.77
70700	215.49
70800	215.21
70900	214.93
71000	214.65
71100	214.45
71200	214.25
71300	214.05
71400	213.85
71500	213.65
71600	213.45
71700	213.25
71800	213.05
71900	212.85
72000	212.65
72100	212.45
72200	212.25
72300	212.05
72400	211.85
72500	211.65
72600	211.45
72700	211.25
72800	211.05
72900	210.85
73000	210.65
73100	210.45
73200	210.25
73300	210.05
73400	209.85
73500	209.65
73600	209.45
73700	209.25
73800	209.05
73900	208.85
74000	208.65
74100	208.45
74200	208.25
74300	208.05
74400	207.85
74500	207.65
74600	207.45
74700	207.25
74800	207.05
74900	206.85
75000	206.65
75100	206.45
75200	206.25
75300	206.05
75400	205.85
75500	205.65
75600	205.45
75700	205.25
75800	205.05
75900	204.85
76000	204.65
76100	204.45
76200	204.25
76300	204.05
76400	203.85
76500	203.65
76600	203.45
76700	203.25
76800	203.05
76900	202.85
77000	202.65
77100	202.45
77200	202.25
77300	202.05
77400	201.85
77500	201.65
77600	201.45
77700	201.25
77800	201.05
77900	200.85
78000	200.65
78100	200.45
78200	200.25
78300	200.05
78400	199.85
78500	199.65
78600	199.45
78700	199.25
78800	199.05
78900	198.85
79000	198.65
79100	198.45
79200	198.25
79300	198.05
79400	197.85
79500	197.65
79600	197.45
79700	197.25
79800	197.05
79900	196.85
80000	196.65
80100	196.45
80200	196.25
80300	196.05
80400	195.85
80500	195.65
80600	195.45
80700	195.25
80800	195.05
80900	194.85
81000	194.65
81100	194.45
81200	194.25
81300	194.05
81400	193.85
81500	193.65
81600	193.45
81700	193.25
81800	193.05
81900	192.85
82000	192.65
82100	192.45
82200	192.25
82300	192.05
82400	191.85
82500	191.65
82600	191.45
82700	191.25
82800	191.05
82900	190.85
83000	190.65
83100	190.45
83200	190.25
83300	190.05
83400	189.85
83500	189.65
83600	189.45
83700	189.25
83800	189.05
83900	188.85
84000	188.65
84100	188.45
84200	188.25
84300	188.05
84400	187.85
84500	187.65
84600	187.45
84700	187.25
84800	187.05
84900	186.946
85000	186.946
85100	186.946
85200	186.946
85300	186.946
85400	186.946
85500	186.946
85600	186.946
85700	186.946
85800	186.946
85900	186.946
86000	186.946
