    0.00000e+00    1.54210e-02
    7.35294e+03    7.81367e-03
    1.47059e+04    4.26998e-03
    2.20588e+04    2.21647e-03
    2.94118e+04    1.06858e-03
    3.67647e+04    4.95579e-04
    4.41176e+04    2.29389e-04
    5.14706e+04    1.08106e-04
    5.88235e+04    5.18884e-05
    6.61765e+04    2.31374e-05
    7.35294e+04    9.66999e-06
    8.08824e+04    3.81278e-06
    8.82353e+04    1.46871e-06
    9.55882e+04    5.34747e-07
    1.02941e+05    1.95946e-07
    1.10294e+05    7.62298e-08
    1.17647e+05    2.72350e-08
    1.25000e+05    9.08435e-09
    1.32353e+05    3.15290e-09
    1.39706e+05    1.23957e-09
    1.47059e+05    5.33061e-10
    1.54412e+05    2.45767e-10
    1.61765e+05    1.19441e-10
    1.69118e+05    6.05341e-11
    1.76471e+05    3.19408e-11
    1.83824e+05    1.79134e-11
    1.91176e+05    1.03574e-11
    1.98529e+05    6.09336e-12
    2.05882e+05    3.91321e-12
    2.13235e+05    2.45278e-12
    2.20588e+05    1.70354e-12
    2.27941e+05    1.14971e-12
    2.35294e+05    8.29930e-13
    2.42647e+05    6.11329e-13
    2.50000e+05    4.37848e-13
