0 229.699
7352.94 202.3
14705.9 189.052
22058.8 176.098
29411.8 161.793
36764.7 148.085
44117.6 143.506
51470.6 144.655
58823.5 153.904
66176.5 153.993
73529.4 148.656
80882.4 139.381
88235.3 131.199
95588.2 132.15
102941 124.871
110294 116.333
117647 118.115
125000 138.186
132353 160.974
139706 176.526
147059 186.01
154412 191.906
161765 195.588
169118 197.333
176471 198.558
183824 199.301
191176 199.699
198529 200.002
205882 200.148
213235 200.266
220588 200.334
227941 200.378
235294 200.415
242647 200.43
250000 200.446
