0 190.536233706041
7352.94 190.536333297775
14705.9 190.512262891553
22058.8 190.48252883226
29411.8 190.474313809825
36764.7 190.477554335568
44117.6 190.495312011073
51470.6 190.536723286215
58823.5 190.625204166674
66176.5 190.693051733063
73529.4 190.860821580465
80882.4 191.3711829927
88235.3 192.708889043458
95588.2 195.301639981878
102941 199.51868262697
110294 204.436242370099
117647 210.245922177441
125000 217.094190766035
132353 224.58783224305
139706 232.777986080129
147059 241.905756470111
154412 252.083223194131
161765 263.388841596776
169118 275.939887624863
176471 289.516789782367
183824 304.30414049116
191176 319.640426269287
198529 336.382722255986
205882 352.893732607517
213235 370.898310723453
220588 388.43812434331
227941 406.91880118473
235294 426.037135884985
242647 444.591553011016
250000 464.835927220157
