0 1.32190407386496
7352.94 1.34103961740262
14705.9 1.35170061668351
22058.8 1.3632123486443
29411.8 1.37780477341301
36764.7 1.39403922392216
44117.6 1.39995094825329
51470.6 1.39830801389921
58823.5 1.38680037810185
66176.5 1.38684844351426
73529.4 1.39386515301213
80882.4 1.40690623475163
88235.3 1.42044770584418
95588.2 1.42184389110858
102941 1.43557104581578
110294 1.45094795094805
117647 1.44921071379155
125000 1.42669996003321
132353 1.41035061383078
139706 1.40547156280878
147059 1.40751682880075
154412 1.41352521258429
161765 1.42216708002146
169118 1.43342266339581
176471 1.44618322815644
183824 1.46037919890946
191176 1.47607226144941
198529 1.49301489721346
205882 1.51108741787779
213235 1.53054315537247
220588 1.5511153069439
227941 1.57321291187133
235294 1.59719011138747
242647 1.62334210233325
250000 1.65185779122815
