0.000000 288.150000 
10000.000000 223.150000 
20000.000000 216.650000 
30000.000000 226.650000 
40000.000000 251.050000 
50000.000000 270.650000 
60000.000000 245.450000 
70000.000000 217.450000 
80000.000000 196.650000 
9000.000000 229.650000 
10000.000000 223.150000 
11000.000000 216.650000 
12000.000000 216.650000 
13000.000000 216.650000 
14000.000000 216.650000 
15000.000000 216.650000 
16000.000000 216.650000 
17000.000000 216.650000 
18000.000000 216.650000 
19000.000000 216.650000 
20000.000000 216.650000 
21000.000000 217.650000 
22000.000000 218.650000 
23000.000000 219.650000 
24000.000000 220.650000 
25000.000000 221.650000 
26000.000000 222.650000 
27000.000000 223.650000 
28000.000000 224.650000 
29000.000000 225.650000 
30000.000000 226.650000 
31000.000000 227.650000 
32000.000000 228.650000 
33000.000000 231.450000 
34000.000000 234.250000 
35000.000000 237.050000 
36000.000000 239.850000 
37000.000000 242.650000 
38000.000000 245.450000 
39000.000000 248.250000 
40000.000000 251.050000 
41000.000000 253.850000 
42000.000000 256.650000 
43000.000000 259.450000 
44000.000000 262.250000 
45000.000000 265.050000 
46000.000000 267.850000 
47000.000000 270.650000 
48000.000000 270.650000 
49000.000000 270.650000 
50000.000000 270.650000 
51000.000000 270.650000 
52000.000000 267.850000 
53000.000000 265.050000 
54000.000000 262.250000 
55000.000000 259.450000 
56000.000000 256.650000 
57000.000000 253.850000 
58000.000000 251.050000 
59000.000000 248.250000 
60000.000000 245.450000 
61000.000000 242.650000 
62000.000000 239.850000 
63000.000000 237.050000 
64000.000000 234.250000 
65000.000000 231.450000 
66000.000000 228.650000 
67000.000000 225.850000 
68000.000000 223.050000 
69000.000000 220.250000 
70000.000000 217.450000 
71000.000000 214.650000 
72000.000000 212.650000 
73000.000000 210.650000 
74000.000000 208.650000 
75000.000000 206.650000 
76000.000000 204.650000 
77000.000000 202.650000 
78000.000000 200.650000 
79000.000000 198.650000 
80000.000000 196.650000 
81000.000000 194.650000 
82000.000000 192.650000 
83000.000000 190.650000 
84000.000000 188.650000 
85000.000000 186.946000 
